191588526331133952 9 7 16
217755086670004224 8 5 13
195534572581158913 7 6 13
258413656491032578 7 4 11
322106328627544074 4 3 7
574624086169485331 3 4 7
319098626955673601 2 5 7
562818661963005954 3 3 6
71280443843948544 1 4 5
433474266776993793 0 5 5
119633757555654658 2 2 4
145326638933082112 3 0 3
240181741703266304 2 1 3
290190249672441866 0 3 3
270936332002525184 1 0 1
111251124559876096 0 1 1
193530473618604033 0 1 1
224578882433581056 0 1 1
320128996413276171 0 1 1
161026455696834560 0 1 1
316901160307130368 0 1 1
249590148528996354 0 1 1